115.02139725741783 370.3887671355858 618.0329385684098 543.2935210028932 184.21571252619185 
554.1483830084321 386.35711581596775 117.69475620644212 191.6435521277768 95.44459290614802 
80.27315640329556 585.5892656903208 196.35043845489454 311.55707648604954 360.81772001323947 
247.86071215977523 261.13882748756544 116.21213076819461 186.1615974969457 347.9677707532602 
97.0465846514917 340.80366344274114 216.36042286779627 338.10522559167606 477.393207183787 
28.892940287046926 104.46999683171738 204.1908701476429 292.48780749002145 512.580925156516 
420.12017040019384 533.2717246809706 66.09231094783294 229.34691019721882 301.6409800872884 
156.94354219719202 104.73392287420933 587.9472970960337 82.83476418992885 354.3771653491521 
200.96034940413134 141.96800796926738 290.4880276486858 148.54562080189947 161.63175994245515 
79.62463257466104 558.7167715772573 379.24561629888535 582.3429714663753 388.40376809599894 
356.2391309538056 186.5072241317054 439.06987363278733 403.1394570195494 572.6690052699245 
287.98552801009805 218.133677785901 196.11848780559168 359.92431552400916 583.9278873943316 
255.57682553514152 617.8081285981318 574.8439523344166 173.31075274888653 307.04416235043294 
546.8002956045243 119.10677586794068 214.7395203766771 519.2634219512706 257.565677214271 
422.54677259212315 615.7054005258525 524.2183184826434 164.61177525557747 465.95785024633136 
283.793033297582 127.10854706406849 551.638397869984 289.48216593375116 23.43234771959009 
409.1899494716608 244.28454305191175 482.6757324797783 111.78881425624303 616.5888460261654 
135.0602565072686 302.3449342084044 337.38550118333427 156.1843224183253 219.05739840761154 
214.24790738845294 235.050857110604 169.65202998002692 549.0329161050532 404.7542868611597 
400.78591171208615 506.7634356540919 468.45839198151873 158.55734115617767 520.1446873072172 
69.03411146359491 231.129700426006 148.53196631506302 93.72151782314631 244.81501314462312 
265.9304671175322 233.83250261479282 193.33904542944123 506.92024386603873 95.3430975521949 
512.3240276946549 532.5307031343382 593.8853018739951 266.30102775889395 323.4409427575635 
84.91129717153576 445.94936609929414 601.9761742485169 247.5664472346127 34.02959134399981 
616.8555336287177 233.0950796789412 298.0268661054181 188.29658314969848 32.562585430163374 
217.37768210682339 251.79442079270916 544.5831279865758 117.96221658445725 105.69233394863159 
414.99226030222707 34.08080242736034 462.6953208247199 363.52092252596907 69.29546422579708 
234.01978356092016 147.1611717588441 506.32779431356744 595.3218566303711 378.83721964836593 
399.8132202160604 357.42627665046837 619.1062306922009 154.39021330743643 206.83525621583544 
586.9363783333671 77.75187227276912 508.8068969437148 45.29173099600068 40.42769978109893 
