465.94671344831403 498.3174602617723 99.78033244139311 21.197459142334445 412.4810041973328 
293.4930891265335 463.1673832915225 195.81422128673935 505.3206819359527 241.73860671690528 
82.77506027545094 427.47996096820566 318.7970995584612 163.75174800682623 478.3476321292527 
22.508014635809637 67.70136479130738 35.637064127735314 185.3067896878777 302.7032806030735 
53.10080708358643 200.47706816378374 138.4495853336829 38.26214431364565 23.469231377756742 
69.9242645390704 190.6867359842098 356.0447588513978 171.8339951976351 67.76694802534932 
50.024300910543765 437.6727948974178 114.64311871671062 192.4220923949773 42.99186674952315 
446.9056122862503 323.0553264080829 200.30829297864543 237.7204558921 250.74831381585972 
102.35651678641766 37.05200492156695 84.87314532479877 123.7444807267668 340.20542845806375 
268.480141980503 359.63164563418746 249.90688286676965 369.41183880224486 388.35220687478323 
312.9418905812432 461.7392572546334 415.9503503468192 504.7849696049287 65.22177892210722 
280.80229532225763 227.9128813693954 32.3230100383558 400.7342343661115 449.2768990210932 
106.10302382071629 141.60803314235014 245.82861731415215 266.97792430341383 181.9753813758067 
343.6002843396595 239.25373994996946 173.2714460871811 413.6229352258003 210.30497709218588 
427.74546244805555 138.3487520392389 395.51574040574485 358.95707136399574 245.09214049719995 
53.310117912026215 202.6938475343994 451.6173933002256 57.88091307926579 433.51154569151254 
115.11781609125775 87.13325223387713 186.1281342298196 374.62757317089955 192.87971783210244 
87.416668291658 431.9968222362074 325.8832058226326 297.9779107866461 304.9934151396379 
274.80447097789414 369.90827702365135 283.35867242936973 203.7758458535535 15.524286854464822 
323.6671422201025 194.92776757614882 90.01280703736957 278.9829240599102 99.91699445999052 
457.23515508177536 495.36965015312427 406.957859879695 393.6478596168932 138.5358530116133 
339.0914402946984 400.37761315438973 382.9573985457348 15.930214791268263 121.20265076530961 
193.827817201204 258.81364527425865 286.2866173810578 23.696261152146782 170.56632426017075 
23.158827097644267 393.64984005619567 421.6655435326548 451.25055019670475 119.80734725113616 
68.83798210257385 431.33153273698144 114.57997948225456 87.5911244569038 301.93149230698936 
246.9195062792901 133.05716956993135 50.20532904180685 93.35687915492662 143.33727989264483 
432.0702529179304 482.20768384525246 454.2687453952593 146.60878211591188 105.50010813956456 
315.6245149001404 251.93294312768975 499.01583680196484 446.05529911556465 76.61652266569784 
120.81404231216379 170.90129289538075 73.53794237159433 366.6575742791975 285.07036706678645 
296.0866501410432 69.24359038076376 127.67952858355541 263.1595579601864 32.85740575351552 
